DMSP 5D-3 F16 (USA 172) 
1 28054U 03048A   25338.71770763  .00000268  00000+0  16398-3 0  9998
2 28054  99.0051 356.1114 0006831 345.4042 132.1918 14.14419807141994
METEOSAT-9 (MSG-2)      
1 28912U 05049B   25336.86870148  .00000139  00000+0  00000+0 0  9992
2 28912   8.9157  56.0648 0004004 185.0800 189.1540  1.00271253  5030
DMSP 5D-3 F17 (USA 191) 
1 29522U 06050A   25338.63837605  .00000334  00000+0  19547-3 0  9998
2 29522  98.7393 344.1961 0009182 250.1146 109.9038 14.14914215984900
FENGYUN 3A              
1 32958U 08026A   25338.57960834  .00000242  00000+0  13514-3 0  9990
2 32958  98.6684 278.2786 0008295 335.6429  24.4354 14.19510525907793
GOES 14                 
1 35491U 09033A   25338.55043492 -.00000054  00000+0  00000+0 0  9998
2 35491   1.1765  85.5028 0004194 151.4844 286.4600  1.00272692  4646
DMSP 5D-3 F18 (USA 210) 
1 35951U 09057A   25338.66362507  .00000449  00000+0  25585-3 0  9994
2 35951  98.8825 315.1052 0012116  83.7594 276.4958 14.14762080832084
EWS-G2 (GOES 15)        
1 36411U 10008A   25338.58414845  .00000052  00000+0  00000+0 0  9999
2 36411   0.7923  86.0459 0006012 170.8650  88.5235  1.00267939 57680
COMS 1                  
1 36744U 10032A   25338.59732184 -.00000332  00000+0  00000+0 0  9997
2 36744   4.3203  78.0882 0001149 188.9827 149.7974  1.00269547 49131
FENGYUN 3B              
1 37214U 10059A   25338.76295013  .00000210  00000+0  13203-3 0  9990
2 37214  98.9920  18.6842 0022389  20.2640  89.4225 14.14786348779934
SUOMI NPP               
1 37849U 11061A   25338.79917152  .00000210  00000+0  12059-3 0  9994
2 37849  98.7761 276.2127 0001949 134.4579 225.6757 14.19510743730867
METEOSAT-10 (MSG-3)     
1 38552U 12035B   25338.07258948  .00000008  00000+0  00000+0 0  9994
2 38552   4.2071  61.7359 0000802 221.6691 175.9850  1.00272508 48908
METOP-B                 
1 38771U 12049A   25338.69783714  .00000294  00000+0  15431-3 0  9999
2 38771  98.6811  28.7926 0002555 162.1610 197.9657 14.21403839685636
INSAT-3D                
1 39216U 13038B   25338.59758184 -.00000325  00000+0  00000+0 0  9993
2 39216   1.4223  85.0850 0001779 156.7246 176.5152  1.00273216 45127
FENGYUN 3C              
1 39260U 13052A   25338.75822718  .00000246  00000+0  14643-3 0  9994
2 39260  98.4755 316.8277 0013885 219.9753 140.0400 14.15692637631053
METEOR-M 2              
1 40069U 14037A   25338.79381465  .00000281  00000+0  14795-3 0  9997
2 40069  98.4894 316.6833 0004734 235.9996 124.0732 14.21381783591703
HIMAWARI-8              
1 40267U 14060A   25338.59983521 -.00000261  00000+0  00000+0 0  9991
2 40267   0.0105  98.2740 0001317 187.1183 144.8970  1.00270217 40803
FENGYUN 2G              
1 40367U 14090A   25338.73442936 -.00000291  00000+0  00000+0 0  9994
2 40367   5.1466  75.1906 0003143 194.4854 168.2191  1.00266912 40052
METEOSAT-11 (MSG-4)     
1 40732U 15034A   25338.57383506  .00000075  00000+0  00000+0 0  9997
2 40732   2.7150  72.0240 0001030 117.8054  99.8358  1.00264986  5269
ELEKTRO-L 2             
1 41105U 15074A   25338.06964279 -.00000105  00000+0  00000+0 0  9997
2 41105   6.2023  72.9293 0004020 197.7104 173.0548  1.00269777 36559
INSAT-3DR               
1 41752U 16054A   25338.58666178 -.00000062  00000+0  00000+0 0  9990
2 41752   0.0713  88.5764 0014527 180.6320  89.6720  1.00269621 33868
HIMAWARI-9              
1 41836U 16064A   25338.59983521  .00000000  00000+0  00000+0 0  9990
2 41836   0.0187 359.6866 0002499 305.2934 125.3693  1.00266965 33250
GOES 16                 
1 41866U 16071A   25338.55121492 -.00000076  00000+0  00000+0 0  9992
2 41866   0.0622 105.2587 0003485 152.5137 269.6161  1.00270953 33159
FENGYUN 4A              
1 41882U 16077A   25338.73910939 -.00000343  00000+0  00000+0 0  9995
2 41882   1.8275  82.4706 0005054 142.5495 238.6253  1.00277470 32988
CYGFM05                 
1 41884U 16078A   25338.67495588  .00035272  00000+0  67027-3 0  9993
2 41884  34.9586  99.7926 0009404 106.2136 253.9621 15.47189275498514
CYGFM04                 
1 41885U 16078B   25338.64618329  .00042553  00000+0  73562-3 0  9992
2 41885  34.9351  74.9891 0008484 135.8946 224.2453 15.49858101498680
CYGFM02                 
1 41886U 16078C   25338.65097624  .00044003  00000+0  72443-3 0  9992
2 41886  34.9438  73.3872 0010208 135.3392 224.8154 15.51203818498817
CYGFM01                 
1 41887U 16078D   25338.67003160  .00038352  00000+0  71426-3 0  9997
2 41887  34.9415 102.2305 0008986  97.7276 262.4466 15.47756849498454
CYGFM08                 
1 41888U 16078E   25338.66759569  .00040654  00000+0  72561-3 0  9997
2 41888  34.9457  85.3323 0010708 123.2398 236.9351 15.48939528498689
CYGFM07                 
1 41890U 16078G   25338.67279647  .00039321  00000+0  68841-3 0  9990
2 41890  34.9474  74.3240 0009042 141.8553 218.2810 15.49510261498701
CYGFM03                 
1 41891U 16078H   25338.63743590  .00040920  00000+0  71886-3 0  9990
2 41891  34.9433  76.4691 0008335 128.1417 232.0057 15.49412830498677
FENGYUN 3D              
1 43010U 17072A   25338.77430111  .00000222  00000+0  12673-3 0  9997
2 43010  98.9882 304.9657 0000655 212.9298 147.1836 14.19680329417406
NOAA 20 (JPSS-1)        
1 43013U 17073A   25338.67307679  .00000191  00000+0  11130-3 0  9994
2 43013  98.7587 275.0585 0002081  98.6657 261.4755 14.19522464416875
GOES 17                 
1 43226U 18022A   25338.55416161 -.00000168  00000+0  00000+0 0  9994
2 43226   0.4372  89.2939 0003475 182.3294 272.0015  1.00271160 28479
FENGYUN 2H              
1 43491U 18050A   25338.73035601 -.00000117  00000+0  00000+0 0  9999
2 43491   2.5288  81.4192 0002941 163.5881 171.0799  1.00271307 27487
METOP-C                 
1 43689U 18087A   25338.65671286  .00000297  00000+0  15568-3 0  9991
2 43689  98.6941  36.5497 0001660  55.7257 304.4077 14.21507247367191
GEO-KOMPSAT-2A          
1 43823U 18100A   25338.52599477 -.00000329  00000+0  00000+0 0  9992
2 43823   0.0604 120.8379 0000506  95.9371 174.4371  1.00269299 25672
METEOR-M2 2             
1 44387U 19038A   25338.79858718  .00000332  00000+0  16344-3 0  9999
2 44387  98.8964 318.4306 0000950 163.8996 196.2212 14.24286352333620
ARKTIKA-M 1             
1 47719U 21016A   25335.11228744 -.00000012  00000+0  00000+0 0  9997
2 47719  63.1756  85.6045 7197470 269.0840  15.7076  2.00613156 34816
FENGYUN 3E              
1 49008U 21062A   25338.78189005  .00000073  00000+0  55305-4 0  9992
2 49008  98.7476 339.3975 0000700 317.4736  42.6386 14.19878421228995
GOES 18                 
1 51850U 22021A   25338.57961597  .00000111  00000+0  00000+0 0  9997
2 51850   0.0021 110.2080 0000807 180.9876 214.1126  1.00270877  4643
NOAA 21 (JPSS-2)        
1 54234U 22150A   25338.70815737  .00000206  00000+0  11877-3 0  9991
2 54234  98.7450 275.1171 0002498  53.0830 307.0575 14.19520742158959
METEOSAT-12 (MTG-I1)    
1 54743U 22170C   25338.21515534  .00000009  00000+0  00000+0 0  9999
2 54743   0.7187  30.1576 0001530 217.1226 263.1859  1.00273795 11022
TIANMU-1 03             
1 55973U 23039A   25338.70337781  .00027826  00000+0  68481-3 0  9997
2 55973  97.5103 141.1326 0004541  84.2180 275.9583 15.40568525150827
TIANMU-1 04             
1 55974U 23039B   25338.74949961  .00028492  00000+0  69338-3 0  9993
2 55974  97.5035 140.3744 0005228  80.3624 279.8213 15.40901540150832
TIANMU-1 05             
1 55975U 23039C   25338.74179529  .00028205  00000+0  69501-3 0  9993
2 55975  97.5082 140.8584 0004322 101.2568 258.9163 15.40528463150815
TIANMU-1 06             
1 55976U 23039D   25338.75194573  .00028450  00000+0  69120-3 0  9990
2 55976  97.5092 141.3274 0004688  96.6895 263.4884 15.40954476150834
FENGYUN 3G              
1 56232U 23055A   25338.74718594  .00056956  00000+0  89698-3 0  9992
2 56232  49.9950 268.6785 0009178 110.0756 250.1200 15.52928854149781
METEOR-M2 3             
1 57166U 23091A   25338.75175574  .00000071  00000+0  49883-4 0  9995
2 57166  98.6390  32.4303 0004340  30.3381 329.8049 14.24024611126847
TIANMU-1 07             
1 57399U 23101A   25338.73672312  .00015649  00000+0  57651-3 0  9993
2 57399  97.2890  28.7641 0005633 101.7091 258.4781 15.27895353131934
TIANMU-1 08             
1 57400U 23101B   25338.76907427  .00015641  00000+0  57632-3 0  9998
2 57400  97.2878  28.5955 0007476 106.2708 253.9354 15.27879754131934
TIANMU-1 09             
1 57401U 23101C   25338.75599594  .00016525  00000+0  60830-3 0  9996
2 57401  97.2835  28.1002 0006767 105.4560 254.7427 15.27903646131934
TIANMU-1 10             
1 57402U 23101D   25338.72467457  .00015271  00000+0  56241-3 0  9994
2 57402  97.2915  28.9110 0008541 106.4919 253.7259 15.27892696131926
FENGYUN 3F              
1 57490U 23111A   25338.76904394  .00000186  00000+0  10818-3 0  9991
2 57490  98.7094  47.1908 0000675  88.6249 271.5005 14.19890321121279
ARKTIKA-M 2             
1 58584U 23198A   25337.35716765  .00000224  00000+0  00000+0 0  9999
2 58584  63.2223 175.9121 6864250 268.1397  18.8420  2.00605176 14390
TIANMU-1 11             
1 58645U 23205A   25338.73946721  .00013581  00000+0  55504-3 0  9999
2 58645  97.3606 358.5045 0008687 341.9312  18.1615 15.24450808107875
TIANMU-1 12             
1 58646U 23205B   25338.76586113  .00012838  00000+0  52650-3 0  9991
2 58646  97.3593 358.3386 0006505 327.3580  32.7254 15.24364412107864
TIANMU-1 13             
1 58647U 23205C   25338.79955909  .00013454  00000+0  55143-3 0  9993
2 58647  97.3622 358.5692 0006291 303.1890  56.8744 15.24372607107864
TIANMU-1 14             
1 58648U 23205D   25338.71722852  .00013117  00000+0  53790-3 0  9997
2 58648  97.3554 357.8445 0007177 308.2097  51.8494 15.24355337107853
TIANMU-1 19             
1 58660U 23208A   25338.75370904  .00018426  00000+0  68391-3 0  9996
2 58660  97.4397  89.8083 0004085 288.7664  71.3132 15.27625080107607
TIANMU-1 20             
1 58661U 23208B   25338.74642506  .00018159  00000+0  64987-3 0  9996
2 58661  97.4334  90.2409 0006435 299.2642  60.7954 15.28816396107675
TIANMU-1 21             
1 58662U 23208C   25338.75856351  .00020893  00000+0  69242-3 0  9990
2 58662  97.4382  92.1258 0005943 293.3099  66.7516 15.31290573107774
TIANMU-1 22             
1 58663U 23208D   25338.75225247  .00017694  00000+0  66154-3 0  9999
2 58663  97.4390  89.8696 0003007 324.9806  35.1235 15.27396045107616
TIANMU-1 15             
1 58700U 24004A   25338.77910172  .00014074  00000+0  57433-3 0  9995
2 58700  97.4624 160.2775 0005679 330.8355  29.2565 15.24516370106130
TIANMU-1 16             
1 58701U 24004B   25338.43465042  .00001970  00000+0  83688-4 0  9993
2 58701  97.4569 159.3334 0005110 331.1239  28.9715 15.24253221106084
TIANMU-1 17             
1 58702U 24004C   25338.74771638  .00013311  00000+0  54682-3 0  9992
2 58702  97.4595 160.0501 0004208 333.5998  26.5024 15.24312361106127
TIANMU-1 18             
1 58703U 24004D   25338.73097375  .00013777  00000+0  56601-3 0  9990
2 58703  97.4613 160.2270 0003586 334.7201  25.3860 15.24303484106123
INSAT-3DS               
1 58990U 24033A   25338.58822181  .00000000  00000+0  00000+0 0  9997
2 58990   0.0119 346.2482 0001758 274.3669 106.8853  1.00268719 45117
METEOR-M2 4             
1 59051U 24039A   25338.75635625  .00000096  00000+0  62659-4 0  9994
2 59051  98.6754 295.7909 0007471  20.8279 339.3202 14.22399386 91626
GOES 19                 
1 60133U 24119A   25338.48565476 -.00000233  00000+0  00000+0 0  9993
2 60133   0.0089  79.6570 0001344 218.5160 235.0408  1.00270587  5019
FENGYUN 3H              
1 65815U 25219A   25338.69555501  .00000197  00000+0  11312-3 0  9998
2 65815  98.6572 278.4611 0000619  73.7150 286.4095 14.19901167  9789
