DMSP 5D-3 F16 (USA 172) 
1 28054U 03048A   25329.81532258  .00000148  00000+0  10109-3 0  9995
2 28054  99.0060 347.1381 0007260  11.1120 161.5940 14.14415338140738
METEOSAT-9 (MSG-2)      
1 28912U 05049B   25329.81224145  .00000143  00000+0  00000+0 0  9994
2 28912   8.8988  56.1298 0003601 182.3196 164.6175  1.00268929  4951
DMSP 5D-3 F17 (USA 191) 
1 29522U 06050A   25329.79894567  .00000196  00000+0  12376-3 0  9994
2 29522  98.7398 335.5405 0009117 278.0889  81.9250 14.14908743983658
FENGYUN 3A              
1 32958U 08026A   25329.83926882  .00000148  00000+0  90783-4 0  9993
2 32958  98.6672 269.7241 0008785   1.8203 358.3004 14.19506399906555
GOES 14                 
1 35491U 09033A   25329.56140949 -.00000048  00000+0  00000+0 0  9997
2 35491   1.1514  85.6147 0003881 142.9792 289.9054  1.00273266  4559
DMSP 5D-3 F18 (USA 210) 
1 35951U 09057A   25329.82325909  .00000286  00000+0  17155-3 0  9990
2 35951  98.8817 306.3103 0012015 106.7837 253.4655 14.14754815830835
EWS-G2 (GOES 15)        
1 36411U 10008A   25329.82534845  .00000056  00000+0  00000+0 0  9993
2 36411   0.7687  86.0218 0005521 165.6490 172.0948  1.00267752 57591
COMS 1                  
1 36744U 10032A   25329.85282154 -.00000324  00000+0  00000+0 0  9994
2 36744   4.2979  78.1860 0000684 160.2012 261.8585  1.00271706 49054
FENGYUN 3B              
1 37214U 10059A   25329.86442012  .00000099  00000+0  74816-4 0  9997
2 37214  98.9931   9.7220 0022766  44.9568 127.7234 14.14782859778677
SUOMI NPP               
1 37849U 11061A   25329.84738061  .00000126  00000+0  80670-4 0  9991
2 37849  98.7748 267.3432 0001565 151.6524 208.4737 14.19506891729591
METEOSAT-10 (MSG-3)     
1 38552U 12035B   25329.08352906  .00000013  00000+0  00000+0 0  9990
2 38552   4.1847  61.7525 0000238 229.4076 163.2975  1.00271893 48813
METOP-B                 
1 38771U 12049A   25329.75794100  .00000170  00000+0  97877-4 0  9995
2 38771  98.6823  20.0026 0002089 184.9181 175.1976 14.21399072684366
INSAT-3D                
1 39216U 13038B   25329.85723212 -.00000320  00000+0  00000+0 0  9991
2 39216   1.3978  85.1980 0000927 163.6630 254.3008  1.00267466 45042
FENGYUN 3C              
1 39260U 13052A   25329.85293578  .00000152  00000+0  98272-4 0  9998
2 39260  98.4746 308.3584 0013608 247.4078 112.5657 14.15688531629793
METEOR-M 2              
1 40069U 14037A   25329.85375207  .00000191  00000+0  10675-3 0  9994
2 40069  98.4884 308.0872 0004608 268.0884  91.9766 14.21376888590431
HIMAWARI-8              
1 40267U 14060A   25329.68211233 -.00000256  00000+0  00000+0 0  9999
2 40267   0.0275 207.9589 0001021  82.6803 160.4753  1.00271823 40718
FENGYUN 2G              
1 40367U 14090A   25329.81664267 -.00000284  00000+0  00000+0 0  9998
2 40367   5.1223  75.2953 0002634 192.3135 191.1765  1.00271702 39962
METEOSAT-11 (MSG-4)     
1 40732U 15034A   25329.79878921  .00000082  00000+0  00000+0 0  9999
2 40732   2.6930  72.0403 0000367 149.4500 140.4088  1.00275403  5173
ELEKTRO-L 2             
1 41105U 15074A   25329.65134547 -.00000098  00000+0  00000+0 0  9990
2 41105   6.1797  73.0306 0003493 195.5799  16.2441  1.00271058 36467
INSAT-3DR               
1 41752U 16054A   25329.83665132 -.00000059  00000+0  00000+0 0  9993
2 41752   0.1395  88.0057 0013786 180.2566 172.0233  1.00272917 33777
HIMAWARI-9              
1 41836U 16064A   25329.82470272 -.00000254  00000+0  00000+0 0  9992
2 41836   0.0476  97.2102 0001388 149.3800 256.1184  1.00278686 33176
GOES 16                 
1 41866U 16071A   25329.61057250 -.00000072  00000+0  00000+0 0  9995
2 41866   0.0603 101.2622 0002962 148.5798 290.1245  1.00270563 33060
FENGYUN 4A              
1 41882U 16077A   25329.36871142 -.00000338  00000+0  00000+0 0  9990
2 41882   1.8021  82.5544 0004731 152.6862  85.7344  1.00264835 32881
CYGFM05                 
1 41884U 16078A   25329.83374979  .00020946  00000+0  40496-3 0  9994
2 41884  34.9575 157.4905 0010034  18.8969 341.2123 15.46765183497147
CYGFM04                 
1 41885U 16078B   25329.75465683  .00024507  00000+0  43669-3 0  9991
2 41885  34.9328 133.2467 0008861  48.0219 312.1257 15.49086333497306
CYGFM02                 
1 41886U 16078C   25329.76806777  .00026808  00000+0  45091-3 0  9993
2 41886  34.9418 131.7132 0010325  47.2763 312.8827 15.50683526497435
CYGFM01                 
1 41887U 16078D   25329.83203400  .00021944  00000+0  41606-3 0  9990
2 41887  34.9405 159.9688 0009825  10.5595 349.5331 15.47320279497086
CYGFM08                 
1 41888U 16078E   25329.77180498  .00023433  00000+0  42646-3 0  9995
2 41888  34.9434 143.5460 0011114  35.3790 324.7667 15.48467976497301
CYGFM07                 
1 41890U 16078G   25329.78027669  .00024646  00000+0  44006-3 0  9998
2 41890  34.9455 132.5634 0008993  53.4785 306.6764 15.49027435497326
CYGFM03                 
1 41891U 16078H   25329.74435855  .00024332  00000+0  43595-3 0  9999
2 41891  34.9407 134.7081 0008606  38.9724 321.1617 15.48934441497294
FENGYUN 3D              
1 43010U 17072A   25329.82361101  .00000131  00000+0  83928-4 0  9996
2 43010  98.9878 295.8826 0000506 282.0969  78.0150 14.19676320416131
NOAA 20 (JPSS-1)        
1 43013U 17073A   25329.79184497  .00000129  00000+0  82236-4 0  9995
2 43013  98.7574 266.2761 0001927 111.0675 249.0707 14.19518937415617
GOES 17                 
1 43226U 18022A   25329.77902911 -.00000163  00000+0  00000+0 0  9996
2 43226   0.4124  89.5204 0003031 178.3127 348.1110  1.00271985 28386
FENGYUN 2H              
1 43491U 18050A   25329.83686620 -.00000111  00000+0  00000+0 0  9997
2 43491   2.5041  81.5196 0002523 156.1669 207.9681  1.00272988 27404
METOP-C                 
1 43689U 18087A   25329.78785954  .00000162  00000+0  94184-4 0  9996
2 43689  98.6952  27.8151 0001955  69.0329 291.1058 14.21502514365931
GEO-KOMPSAT-2A          
1 43823U 18100A   25328.89483891 -.00000324  00000+0  00000+0 0  9998
2 43823   0.0581 105.2038 0000892  23.8125  25.5126  1.00270536 25580
METEOR-M2 2             
1 44387U 19038A   25329.87680123  .00000197  00000+0  10515-3 0  9994
2 44387  98.8956 309.4007 0000486 190.0730 170.0439 14.24280756332353
ARKTIKA-M 1             
1 47719U 21016A   25323.14923670 -.00000055  00000+0  00000+0 0  9994
2 47719  63.1741  87.2289 7190782 269.0386  15.7832  2.00614507 34576
FENGYUN 3E              
1 49008U 21062A   25329.83242027  .00000034  00000+0  36707-4 0  9994
2 49008  98.7476 330.5540 0001136 355.5316   4.5850 14.19876632227722
GOES 18                 
1 51850U 22021A   25329.76975573  .00000116  00000+0  00000+0 0  9992
2 51850   0.0069 132.8599 0000490 166.8370 265.3902  1.00272665  4557
NOAA 21 (JPSS-2)        
1 54234U 22150A   25329.82691404  .00000099  00000+0  67860-4 0  9991
2 54234  98.7437 266.3483 0002694  69.0065 291.1399 14.19517011157699
METEOSAT-12 (MTG-I1)    
1 54743U 22170C   25329.79679588  .00000012  00000+0  00000+0 0  9996
2 54743   0.7066  28.7101 0001147 199.5889 123.2075  1.00273272 10932
TIANMU-1 03             
1 55973U 23039A   25329.80370810  .00018365  00000+0  45839-3 0  9998
2 55973  97.5115 131.9921 0004453 109.1689 251.0039 15.40225558149455
TIANMU-1 04             
1 55974U 23039B   25329.85172872  .00018013  00000+0  44483-3 0  9996
2 55974  97.5046 131.2396 0005201 106.0677 254.1142 15.40551140149462
TIANMU-1 05             
1 55975U 23039C   25329.84189241  .00017574  00000+0  43938-3 0  9999
2 55975  97.5093 131.7209 0004098 126.1571 234.0055 15.40185402149444
TIANMU-1 06             
1 55976U 23039D   25329.85448207  .00017921  00000+0  44184-3 0  9991
2 55976  97.5104 132.1852 0004501 122.0397 238.1287 15.40604869149464
FENGYUN 3G              
1 56232U 23055A   25329.86536815  .00035473  00000+0  57716-3 0  9996
2 56232  49.9954 314.4355 0009289  67.2459 292.9488 15.52233839148406
METEOR-M2 3             
1 57166U 23091A   25329.82831106  .00000023  00000+0  28735-4 0  9993
2 57166  98.6402  23.6610 0004739  52.6199 307.5411 14.24023105125572
TIANMU-1 07             
1 57399U 23101A   25329.82927513  .00009634  00000+0  35814-3 0  9993
2 57399  97.2896  20.0545 0005314 124.6524 235.5217 15.27718698130574
TIANMU-1 08             
1 57400U 23101B   25329.86154235  .00009147  00000+0  34022-3 0  9992
2 57400  97.2884  19.8870 0007147 131.6826 228.5027 15.27705302130579
TIANMU-1 09             
1 57401U 23101C   25329.84858103  .00009582  00000+0  35610-3 0  9993
2 57401  97.2840  19.3970 0006435 130.2889 229.8914 15.27722830130575
TIANMU-1 10             
1 57402U 23101D   25329.88270044  .00009978  00000+0  37066-3 0  9996
2 57402  97.2921  20.2623 0008172 132.7166 227.4763 15.27713888130576
FENGYUN 3F              
1 57490U 23111A   25329.81963748  .00000106  00000+0  70418-4 0  9990
2 57490  98.7103  38.3845 0000809  77.7441 282.3826 14.19887014120000
ARKTIKA-M 2             
1 58584U 23198A   25329.38147876  .00000201  00000+0  00000+0 0  9999
2 58584  63.2269 176.7630 6863801 268.1765  18.8388  2.00606686 14237
TIANMU-1 11             
1 58645U 23205A   25329.87767066  .00008333  00000+0  34330-3 0  9990
2 58645  97.3621 349.7999 0009695  13.4406 346.7087 15.24304249106528
TIANMU-1 12             
1 58646U 23205B   25329.83789862  .00007753  00000+0  32066-3 0  9994
2 58646  97.3609 349.5716 0007483   0.9747 359.1504 15.24212452106506
TIANMU-1 13             
1 58647U 23205C   25329.87163685  .00008242  00000+0  34066-3 0  9994
2 58647  97.3637 349.7990 0007078 339.8753  20.2205 15.24219206106503
TIANMU-1 14             
1 58648U 23205D   25329.85486005  .00008070  00000+0  33369-3 0  9991
2 58648  97.3568 349.1469 0008031 343.4123  16.6851 15.24204580106509
TIANMU-1 19             
1 58660U 23208A   25329.84457645  .00011495  00000+0  43091-3 0  9993
2 58660  97.4389  80.9219 0004458 327.8004  32.2962 15.27406730106243
TIANMU-1 20             
1 58661U 23208B   25329.84424198  .00011236  00000+0  40612-3 0  9990
2 58661  97.4326  81.3527 0006895 335.0085  25.0819 15.28600565106311
TIANMU-1 21             
1 58662U 23208C   25329.87062649  .00013704  00000+0  45906-3 0  9996
2 58662  97.4374  83.2129 0006368 329.6550  30.4322 15.31035822106417
TIANMU-1 22             
1 58663U 23208D   25329.84182895  .00010508  00000+0  39679-3 0  9999
2 58663  97.4383  80.9855 0003646   0.8414 359.2830 15.27191335106256
TIANMU-1 15             
1 58700U 24004A   25329.85200663  .00008766  00000+0  36075-3 0  9991
2 58700  97.4638 151.3846 0006422   3.0192 357.1083 15.24354086104770
TIANMU-1 16             
1 58701U 24004B   25329.83434369  .00001387  00000+0  60061-4 0  9997
2 58701  97.4577 150.7754 0005735   1.9818 358.1441 15.24104380104771
TIANMU-1 17             
1 58702U 24004C   25329.81943587  .00008114  00000+0  33625-3 0  9993
2 58702  97.4610 151.1619 0004953   5.9973 354.1322 15.24152441104766
TIANMU-1 18             
1 58703U 24004D   25329.86830690  .00008301  00000+0  34399-3 0  9996
2 58703  97.4629 151.4022 0004334   7.1020 353.0278 15.24148481104776
INSAT-3DS               
1 58990U 24033A   25329.81572469 -.00000137  00000+0  00000+0 0  9996
2 58990   0.0271 252.9335 0001236 350.3254 197.5570  1.00271533 45023
METEOR-M2 4             
1 59051U 24039A   25329.89307353  .00000057  00000+0  45196-4 0  9997
2 59051  98.6743 287.0682 0007865  44.3278 315.8529 14.22397310 90369
GOES 19                 
1 60133U 24119A   25329.78188912 -.00000229  00000+0  00000+0 0  9997
2 60133   0.0026 143.9051 0000917 159.2964 328.0922  1.00272331  4929
FENGYUN 3H              
1 65815U 25219A   25329.81667556  .00000135  00000+0  83967-4 0  9994
2 65815  98.6559 269.7767 0000781  60.4150 299.7105 14.19897580  8525
